3.000000000000000000e+01,3.000000000000000000e+01,3.000000000000000000e+01,3.000000000000000000e+01,3.000000000000000000e+01,3.000000000000000000e+01,3.000000000000000000e+01,3.000000000000000000e+01,3.000000000000000000e+01
3.073333333333325612e+01,3.073333333333333783e+01,3.073333333333333783e+01,3.073333333333333783e+01,3.073333333333333783e+01,3.073333333333333783e+01,3.073333333333333783e+01,3.073333333333333783e+01,3.073333333333333783e+01
3.146666666666674317e+01,3.039271019833229559e+01,3.039271019833229559e+01,3.039271019833229559e+01,3.039271019833229559e+01,3.039271019833229559e+01,3.039271019833229559e+01,3.039271019833229559e+01,3.039272619434627742e+01
3.220000000000000284e+01,3.006338481571079413e+01,3.005507279756283268e+01,3.005507279756283268e+01,3.005507279756283268e+01,3.005507279756283268e+01,3.005511624284985572e+01,3.005507279756283268e+01,3.005502147824089931e+01
3.286666666666673819e+01,2.996307517753317740e+01,2.972154960060321116e+01,2.972154664401575630e+01,2.972153967623419746e+01,2.972151735235974002e+01,2.972169423076609718e+01,2.972152458315282075e+01,2.972147278048067776e+01
3.350000000000000000e+01,3.062963245779765131e+01,2.939340706573361217e+01,2.939298933238800515e+01,2.939301723283627510e+01,2.939295477076613494e+01,2.939324333580175264e+01,2.939296423106209488e+01,2.939294457643597980e+01
3.406666666666674104e+01,3.126305464261151812e+01,2.907430950734331176e+01,2.906933766360241478e+01,2.904512649126262502e+01,2.906926075518084573e+01,2.906951331734457611e+01,2.906923157144681724e+01,2.906925108999192275e+01
3.453333333333326038e+01,3.182967938414916986e+01,2.902610144476825127e+01,2.875046349675988111e+01,2.872662304883746742e+01,2.875031539879530840e+01,2.875106984947309030e+01,2.875033443511797770e+01,2.875034842875126984e+01
3.486666666666673819e+01,3.229633892494636882e+01,2.959271686458108164e+01,2.843660949563685136e+01,2.841281744034514034e+01,2.843470948864093018e+01,2.843678286454319348e+01,2.843611103234098536e+01,2.843571844493139267e+01
3.523333333333325612e+01,3.262967802912926629e+01,3.005931565090810409e+01,2.812897018558025053e+01,2.810359065249214439e+01,2.812496131208225592e+01,2.812713041246800927e+01,2.812648263128386006e+01,2.812605602071377575e+01
3.556666666666674104e+01,3.299638662682866652e+01,3.039276734108356237e+01,2.799999075065595378e+01,2.800000002290580881e+01,2.799998870627534586e+01,2.781250539713244407e+01,2.799999999999977973e+01,2.800000000000008527e+01
3.579999999999999716e+01,3.332971515374540417e+01,3.075945022509022309e+01,2.815583500197622868e+01,2.800000002290580881e+01,2.799998357210981936e+01,2.799998043217448895e+01,2.799999999999977973e+01,2.800000000000008527e+01
3.566666666666674246e+01,3.356304856657251179e+01,3.109276022840703746e+01,2.852250789799516539e+01,2.799999999669541495e+01,2.799998848947546648e+01,2.800003941347107528e+01,2.799999999999977973e+01,2.800000000000008527e+01
3.533333333333325754e+01,3.342976682332697180e+01,3.132608093413848849e+01,2.885579402249000225e+01,2.799999999702641773e+01,2.800008977357083495e+01,2.800003941347107528e+01,2.800001874388391343e+01,2.800000000000008527e+01
3.489999999999999858e+01,3.311707642021229958e+01,3.119281357594216075e+01,2.908912415727733602e+01,2.799999925129190714e+01,2.800000517657911558e+01,2.799985429026720496e+01,2.800000506766714992e+01,2.800002428789812825e+01
3.466666666666674246e+01,3.280910020226863111e+01,3.089336391894156364e+01,2.895587480717881235e+01,2.799999558162304680e+01,2.800000517657911558e+01,2.799997637216054258e+01,2.800000506766714992e+01,2.800000566728614615e+01
