3.278293333333360260e-01,3.278293333333360260e-01,3.278293333333360260e-01,3.278293333333360260e-01,3.278293333333360260e-01,3.278293333333360260e-01,3.278293333333360260e-01,3.278293333333360260e-01,3.278293333333360260e-01
3.278293333333319737e-01,-1.522721662708650670e-01,-1.522721662708650670e-01,-1.522721662708650670e-01,-1.522721662708650670e-01,-1.522721662708650670e-01,-1.522721662708650670e-01,-1.522721662708650670e-01,-1.522650154127749011e-01
3.278293333333340276e-01,-1.472216190471161978e-01,-1.509374236399800562e-01,-1.509374236399800562e-01,-1.509374236399800562e-01,-1.509374236399800562e-01,-1.509180018588688332e-01,-1.509374236399800562e-01,-1.509675162877485155e-01
2.980266666666669950e-01,-4.484242065092119284e-02,-1.490982099688282769e-01,-1.490995316816855487e-01,-1.491026465587523275e-01,-1.491126262235910604e-01,-1.490529762819231552e-01,-1.491093937698512450e-01,-1.491096098467283582e-01
2.831253333333330069e-01,2.979777665694292588e-01,-1.466928387881052120e-01,-1.468782605900693650e-01,-1.468626730966085536e-01,-1.468806164756049915e-01,-1.468306880848593010e-01,-1.468796197986375340e-01,-1.468652483361431726e-01
2.533226666666679727e-01,2.831650534991904666e-01,-1.426493725027998816e-01,-1.446852420139105588e-01,-1.555210771130840774e-01,-1.447041727272485589e-01,-1.447202674510976173e-01,-1.447214481544144837e-01,-1.447039361799510870e-01
2.086186666666660083e-01,2.533039244569916248e-01,-2.155093229355538667e-02,-1.425495075452856419e-01,-1.423837789017414202e-01,-1.425813321185909754e-01,-1.423569678772692026e-01,-1.425597758244443736e-01,-1.425622456810217986e-01
1.490133333333339971e-01,2.086154811179805613e-01,2.532997572731278124e-01,-1.403052926620407814e-01,-1.402836592204103339e-01,-1.410884660754124775e-01,-1.404988537430614803e-01,-1.404704299774265086e-01,-1.406521879668378994e-01
1.639146666666649876e-01,1.490159131339207632e-01,2.085883214396333230e-01,-1.375270771677024606e-01,-1.382367432418027398e-01,-1.384698248487900574e-01,-1.384270321756903843e-01,-1.384162804085776743e-01,-1.384314901222421790e-01
1.490133333333339971e-01,1.639334115155418881e-01,1.490662435760364835e-01,-5.765896658855834689e-02,-4.630915505027556611e-02,-5.586775369992160595e-02,-1.406499668556099314e-01,-5.654279548923645676e-02,-5.635208349984978382e-02
1.043093333333310058e-01,1.490111846728573997e-01,1.639219164663383299e-01,6.966861411021779693e-02,0.000000000000000000e+00,-2.295177356646013057e-06,8.380883966519539485e-02,0.000000000000000000e+00,0.000000000000000000e+00
-5.960533333333199735e-02,1.043093688702297767e-01,1.490029038827480057e-01,1.639174514363050672e-01,-1.171709442926884989e-08,2.198259139106193677e-06,2.636699882574547582e-05,0.000000000000000000e+00,0.000000000000000000e+00
-1.490133333333359955e-01,-5.958227050048739426e-02,1.043036882901887119e-01,1.489922290941720351e-01,1.479727382291962101e-10,4.527804199296350492e-05,0.000000000000000000e+00,8.379265964390013104e-06,0.000000000000000000e+00
-1.937173333333319925e-01,-1.397851178083807655e-01,-5.957583980808672103e-02,1.043079034553286849e-01,-3.333731562245201516e-07,-3.781823917906729487e-05,-8.275747705791809238e-05,-6.113815942448428810e-06,1.085766194088718214e-05
-1.043093333333330042e-01,-1.376776884695369296e-01,-1.338659746655463390e-01,-5.956778946804486274e-02,-1.640488767790238351e-06,0.000000000000000000e+00,5.457548959746079756e-05,0.000000000000000000e+00,-8.324158380338297409e-06
-1.490133333333079971e-02,-1.350549625603987558e-01,-1.314998761944246031e-01,-1.289353727534486571e-01,1.308515631880287355e-06,0.000000000000000000e+00,7.848301873758585143e-06,0.000000000000000000e+00,-2.440614418921824551e-03
