0.327829333333336
0.327829333333332
0.327829333333334
0.298026666666667
0.283125333333333
0.253322666666668
0.208618666666666
0.149013333333334
0.163914666666665
0.149013333333334
0.104309333333331
-0.0596053333333320
-0.149013333333336
-0.193717333333332
-0.104309333333333
-0.0149013333333308
0.0894079999999988
0.163914666666667
0.193717333333336
0.163914666666665
0.119210666666664
0.0894080000000024
0.104309333333330
0.0745066666666681
0.0447039999999994
0.0149013333333343
0
0
0
0.0149013333333343
0.0447039999999994
0.119210666666667
0.223519999999997
0.298026666666669
0.327829333333334
0.312928000000003
0.312927999999996
0.327829333333334
0.327829333333334
0.312928000000003
0.268223999999996
0.208618666666666
0.149013333333336
0.119210666666667
0.0894079999999988
0.0745066666666645
0.0447040000000030
0.0745066666666645
0.104309333333333
0.134112000000002
0.134111999999998
0.119210666666667
0.119210666666664
0.0894080000000024
0.0745066666666681
0.0447039999999994
0.0447039999999994
0.0447040000000030
0.0149013333333308
-0.0149013333333308
-0.0447040000000030
-0.0447040000000030
-0.0298026666666651
-0.0149013333333343
0.0149013333333343
0.0298026666666686
0.0298026666666651
0.0298026666666686
0
-0.0149013333333343
-0.0447040000000030
-0.0894079999999988
-0.104309333333333
-0.104309333333333
-0.0298026666666686
0.0298026666666686
0.104309333333333
0.119210666666667
0.134112000000002
0.119210666666664
0.134112000000002
0.119210666666671
0.119210666666664
0.119210666666664
0.134111999999998
0.104309333333333
0.0447040000000065
0
-0.0298026666666686
-0.0149013333333343
0
0.0298026666666686
0.0447039999999959
0.0447040000000030
0.0447039999999994
0.0298026666666651
0.0149013333333343
-0.0149013333333343
-0.0596053333333337
-0.0894079999999953
-0.119210666666667
-0.104309333333337
-0.119210666666664
-0.134112000000002
-0.149013333333336
-0.119210666666664
-0.0298026666666651
0.0596053333333302
0.0894080000000059
0.0745066666666645
0.0149013333333308
0
-0.0149013333333379
0.0149013333333379
0.0149013333333379
0.0149013333333308
-0.0149013333333308
-0.104309333333340
-0.298026666666665
-0.685461333333333
-0.908981333333333
-0.968586666666667
-0.610954666666668
-0.327829333333330
-0.0745066666666645
-0.0149013333333343
0.0745066666666645
0.163914666666667
0.283125333333334
0.372533333333333
0.447040000000001
0.402335999999998
0.312927999999999
0.178816000000001
0.104309333333333
0.0745066666666645
0.0596053333333302
0.0745066666666716
0.0894079999999988
0.149013333333336
0.149013333333333
0.163914666666667
0.163914666666663
0.149013333333333
0.104309333333337
0.0447039999999994
0.104309333333333
0.134111999999998
0.134112000000002
0.0596053333333373
0
-0.0298026666666686
-0.104309333333333
-0.178816000000005
-0.238421333333328
-0.208618666666666
-0.149013333333336
-0.104309333333333
-0.0745066666666681
-0.0596053333333337
-0.0745066666666681
-0.208618666666666
-0.327829333333330
-0.417237333333333
-0.372533333333333
-0.238421333333335
-0.0149013333333308
0.208618666666666
0.298026666666665
0.268224000000000
0.104309333333333
-0.0298026666666686
-0.134112000000002
-0.0745066666666645
0.0149013333333343
0.134111999999998
0.178816000000001
0.178816000000001
0.149013333333333
0.0745066666666681
-0.0298026666666722
-0.149013333333329
-0.208618666666670
-0.178815999999998
-0.104309333333333
-0.0447039999999959
-0.0298026666666686
-0.0298026666666686
0
0.0596053333333337
0.134111999999998
0.134112000000002
0.0149013333333343
-0.193717333333336
-0.372533333333333
-0.417237333333333
-0.387434666666664
-0.223520000000004
-0.0596053333333337
0.149013333333336
0.298026666666665
0.357632000000002
0.312927999999999
0.178815999999998
0.104309333333337
0.119210666666664
0.163914666666667
0.193717333333332
0.178816000000001
0.163914666666667
0.163914666666667
0.208618666666666
0.223520000000001
0.208618666666666
0.134111999999998
0.0596053333333373
0.0149013333333308
-0.0298026666666686
-0.0149013333333308
-0.0149013333333308
-0.0149013333333343
-0.0298026666666686
-0.0298026666666686
-0.0298026666666651
-0.0298026666666651
-0.0149013333333343
0.0149013333333343
0.0596053333333302
0.0894080000000059
0.134111999999995
0.119210666666667
0.0745066666666716
0.0149013333333308
0
0
0.0149013333333308
0.0298026666666651
0.0298026666666722
-3.55271367880050e-15
0.0596053333333373
0.104309333333330
0.149013333333333
0.0745066666666681
0.0298026666666686
0
0
-0.0149013333333343
-0.0298026666666686
-0.134111999999998
-0.193717333333336
-0.208618666666666
-0.149013333333333
-0.149013333333333
-0.193717333333332
-0.178816000000001
-0.134112000000002
-0.0894080000000024
-0.0894079999999988
-0.0894079999999988
-0.0894079999999988
-0.104309333333333
-0.104309333333333
-0.119210666666667
-0.178815999999998
-0.253322666666666
-0.327829333333337
-0.506645333333331
-0.625855999999999
-0.670560000000002
-0.640757333333333
-0.581151999999999
-0.521546666666668
-0.372533333333333
-0.327829333333334
-0.342730666666668
-0.402336000000000
-0.432138666666665
-0.432138666666667
-0.327829333333334
-0.149013333333333
0.104309333333333
0.447040000000001
0.715264000000000
0.908981333333331
0.908981333333333
0.849376000000001
0.685461333333333
0.536448000000000
0.402336000000002
0.327829333333330
0.253322666666669
0.223519999999997
0.208618666666670
0.223519999999997
0.208618666666670
0.178815999999998
0.134112000000002
0.104309333333333
0.0745066666666645
0.0894079999999988
0.0894080000000024
0.0894079999999988
0.104309333333337
0.119210666666664
0.149013333333333
0.178816000000001
0.223520000000001
0.283125333333334
0.298026666666665
0.298026666666665
0.298026666666669
0.298026666666669
0.312927999999999
0.312927999999999
0.312927999999999
0.312927999999999
0.312927999999999
0.298026666666665
0.283125333333338
0.253322666666666
0.178815999999998
0.104309333333333
0.0596053333333373
0.0894080000000024
0.104309333333326
0.104309333333333
0.0745066666666645
0.0894080000000024
0.104309333333337
0.104309333333333
0.0745066666666645
0.0447040000000030
0.0298026666666686
0
-0.0298026666666686
-0.0596053333333337
-0.0745066666666681
-0.0894079999999988
-0.0745066666666681
-0.0596053333333337
-0.0447039999999994
-0.0745066666666645
-0.0894080000000024
-0.104309333333333
-0.0745066666666681
-0.0596053333333337
-0.0298026666666686
-0.0298026666666615
-0.0149013333333343
-0.0149013333333343
0.0149013333333343
0.0149013333333343
0.0149013333333308
0
0
0
0
0
0
-0.0149013333333308
-0.0298026666666651
-0.0745066666666681
-0.104309333333333
-0.119210666666667
-0.0745066666666681
-0.0298026666666651
0.0149013333333343
0.0596053333333302
0.104309333333333
0.119210666666667
0.104309333333337
0.0894079999999953
0.0745066666666716
0.0447039999999959
-0.0149013333333343
-0.0596053333333302
-0.0745066666666645
-0.0894080000000024
-0.104309333333333
-0.119210666666671
-0.0298026666666615
0.0596053333333302
0.149013333333336
0.163914666666670
0.163914666666660
0.134112000000002
0.0745066666666645
0.0298026666666686
0
0
0
-0.0149013333333308
-0.0298026666666686
-0.0447040000000030
-0.0298026666666615
0
0.0298026666666615
0.0447040000000030
0.0447039999999994
0.0745066666666645
0.134112000000002
0.149013333333333
0.149013333333336
0.134111999999995
0.119210666666671
0.0745066666666681
-3.55271367880050e-15
-0.0447039999999959
-0.0745066666666681
-0.0894079999999988
-0.0745066666666681
-0.0596053333333337
-0.0447039999999994
-0.0596053333333337
-0.0596053333333302
-0.0596053333333373
-0.0447040000000030
-0.0298026666666615
-0.0298026666666686
-0.0298026666666651
-0.0447039999999994
-0.0447040000000030
-0.0447039999999994
-0.0298026666666651
-0.0149013333333343
0
0
0.0149013333333308
0.0298026666666686
0.0298026666666651
0.0298026666666686
0.0149013333333343
0.0149013333333343
-0.0149013333333343
-0.0298026666666686
-0.0298026666666686
-0.0149013333333308
0
0
0
-0.0149013333333308
-0.0149013333333343
-3.55271367880050e-15
0.0298026666666686
0.0298026666666651
0.0298026666666686
0.0298026666666686
0.0298026666666615
0.0149013333333343
-0.0149013333333343
-0.0298026666666615
-0.0447040000000030
-0.0596053333333373
-0.0894079999999988
-0.134111999999998
-0.119210666666664
-0.134111999999998
-0.149013333333340
-0.149013333333329
-0.119210666666664
-0.0894080000000024
-0.119210666666667
-0.104309333333330
-0.0745066666666681
-0.0447040000000030
-0.0298026666666686
-0.0149013333333308
0
0
0
0.0149013333333308
0.0149013333333343
0.0149013333333343
0
0
0
0.0149013333333343
0.0149013333333343
-3.55271367880050e-15
-0.0298026666666651
-0.0298026666666686
-0.0298026666666615
-0.0298026666666686
-0.0447040000000030
-0.0596053333333266
-0.0596053333333373
-0.0447039999999994
-0.0298026666666686
-0.0298026666666651
-0.0298026666666651
-0.0149013333333343
-0.0149013333333343
-0.0149013333333343
-0.0149013333333343
0
0
0
0
0
0.0149013333333343
0.0298026666666686
0.0745066666666681
0.104309333333330
0.104309333333333
0.0745066666666681
0.0447039999999959
0.0447040000000065
0.0298026666666615
0.0298026666666686
0.0298026666666686
0.0447039999999959
0.0447040000000030
0.0447039999999994
0.0447039999999994
0.0447040000000030
0.0447039999999959
0.0298026666666686
0.0149013333333343
0
0
0
0
0
0
0
0
0
0
0
-0.0149013333333343
-0.0149013333333343
-0.0149013333333343
-0.0149013333333343
-0.0447039999999994
-0.0745066666666645
-0.0894080000000024
-0.0745066666666645
-0.0596053333333302
-0.0447040000000030
-0.0745066666666681
-0.0894079999999953
-0.104309333333333
-0.0745066666666716
-0.0894079999999953
-0.119210666666671
-0.119210666666667
-0.104309333333330
-0.0745066666666681
-0.104309333333333
-0.104309333333333
-0.104309333333333
-0.0745066666666645
-0.0596053333333337
-0.0298026666666722
-0.0149013333333343
0
0.0149013333333379
-3.55271367880050e-15
0
-0.0298026666666651
-0.0596053333333266
-0.0894080000000024
-0.119210666666671
-0.134111999999995
-0.163914666666667
-0.193717333333339
-0.208618666666666
-0.238421333333335
-0.238421333333331
-0.178815999999998
-0.104309333333333
-0.0298026666666686
0
0.0596053333333337
0.134112000000002
0.134111999999998
0.104309333333333
0.0298026666666686
0
-0.0149013333333343
-0.0298026666666686
-0.0596053333333302
-0.104309333333333
-0.134112000000002
-0.104309333333333
-0.0745066666666645
-0.0447040000000030
0
0.0745066666666645
0.193717333333336
0.178816000000001
0.104309333333333
-0.0149013333333343
-0.163914666666667
-0.283125333333331
-0.402336000000002
-0.283125333333331
-0.149013333333336
3.55271367880050e-15
0.119210666666664
0.253322666666662
0.417237333333340
0.417237333333333
0.417237333333336
0.372533333333326
0.372533333333337
0.312927999999999
0.223520000000001
0.208618666666666
0.193717333333332
0.163914666666667
0.119210666666671
0.104309333333333
0.149013333333329
0.149013333333336
0.104309333333333
-0.0149013333333343
-0.134111999999998
-0.268224000000004
-0.372533333333333
-0.640757333333330
-0.804672000000000
-0.894080000000002
-0.596053333333330
-0.327829333333337
-0.0745066666666645
0.0149013333333308
0.119210666666667
0.223520000000001
0.283125333333334
0.298026666666665
0.298026666666669
0.298026666666662
0.283125333333341
0.238421333333328
0.223520000000004
0.223519999999997
0.208618666666666
0.0596053333333337
-0.0894079999999953
-0.208618666666673
-0.163914666666663
-0.0894080000000024
0
0.0596053333333337
0.104309333333337
0.134111999999998
0.119210666666664
0.119210666666671
0.119210666666664
0.0745066666666681
0.0149013333333343
-0.0745066666666716
-0.0596053333333302
-0.0298026666666686
0.0298026666666686
0.0596053333333373
0.0447039999999994
-0.0149013333333379
-0.0894079999999988
-0.149013333333336
-0.193717333333328
-0.238421333333335
-0.238421333333335
-0.193717333333336
-0.119210666666664
-0.0745066666666681
-0.0447039999999959
-0.0298026666666686
0.0149013333333343
0.0745066666666645
0.104309333333340
0.134111999999995
0.163914666666667
0.208618666666666
0.193717333333336
0.134112000000002
0.0745066666666645
0.0745066666666645
0.134111999999995
0.178816000000005
0.193717333333332
0.193717333333336
0.178815999999998
0.163914666666667
0.119210666666664
0.149013333333340
0.163914666666663
0.163914666666667
0.119210666666664
0.0745066666666716
0.0596053333333302
0.0596053333333337
0.0745066666666681
0.0745066666666645
0.0894080000000024
0.119210666666664
0.178816000000005
0.223519999999997
0.208618666666666
