1.988387199999999966e-01,1.739838800000000074e-01,1.491290399999999905e-01,1.242742000000000013e-01,9.941935999999999829e-02,7.456451999999999525e-02,4.970967999999999914e-02,2.485483999999999957e-02,0.000000000000000000e+00
2.072739025755413189e-01,1.824190625755413298e-01,1.575642225755413406e-01,1.327093825755413514e-01,1.078545425755413484e-01,8.299970257554134534e-02,5.814486257554133536e-02,3.329002257554133926e-02,8.435182575541334479e-03
2.159127887917652866e-01,1.909087882173100548e-01,1.660539482173100378e-01,1.411991082173100487e-01,1.163442682173100595e-01,9.148942821731005648e-02,6.663458821731005344e-02,4.177974821731005040e-02,1.692491043897797684e-02
2.247553786486719551e-01,1.993054654826403316e-01,1.744494710360324774e-01,1.495946310360325437e-01,1.247397910360325407e-01,9.988495103603253766e-02,7.503011707009830944e-02,5.017527103603252464e-02,2.532042835168697714e-02
2.337924128898666298e-01,2.076424712357650415e-01,1.827517771339093877e-01,1.578969367232724297e-01,1.330420957555252803e-01,1.081872526549881308e-01,8.333244928955738096e-02,5.847757365926461309e-02,3.362271665242431984e-02
2.430100026307573102e-01,2.160581224704040681e-01,1.909621852419076948e-01,1.661072864021314599e-01,1.412524483416982557e-01,1.163975934653390942e-01,9.154285474481084484e-02,6.668791678782166887e-02,4.183304985635968865e-02
2.523942589867519959e-01,2.246543263526675493e-01,1.990826989203200170e-01,1.742270515284022325e-01,1.493688546812454443e-01,1.245173431096641831e-01,9.966267954566813969e-02,7.480766369278120387e-02,4.995279674241908524e-02
2.619220338168640194e-01,2.334172033675818436e-01,2.071521979449365558e-01,1.822575769828888581e-01,1.573927063016492267e-01,1.325478373132734922e-01,1.076933136121288326e-01,8.283815648702824719e-02,5.798329419113391198e-02
2.715609197237119909e-01,2.423235920439768820e-01,2.152936979691162378e-01,1.902002235523456430e-01,1.653287372477063311e-01,1.404901994237959806e-01,1.156360684762214874e-01,9.078071590027063376e-02,6.592580102192363567e-02
2.812970278227039933e-01,2.513410916089107716e-01,2.235786999219748494e-01,1.980565516330657083e-01,1.731782359432642582e-01,1.483457068269235513e-01,1.234921651119845476e-01,9.863662925645338975e-02,7.378160060064442582e-02
2.911303581138399710e-01,2.604558199912481165e-01,2.319748199621926299e-01,2.058522382401883066e-01,1.809703989041383521e-01,1.561408363622909246e-01,1.312615565707650755e-01,1.064319716546612976e-01,8.157688374740264259e-02
3.010423920843306456e-01,2.696677757219245186e-01,2.404681808854072789e-01,2.136516560706560319e-01,1.887481742820210640e-01,1.639186078835878080e-01,1.390132883155238697e-01,1.142097470261812381e-01,8.935465911892266633e-02
3.109683149394132928e-01,2.789584344754387213e-01,2.490587630128944518e-01,2.215236457046910745e-01,1.965259496562634378e-01,1.716963793747736389e-01,1.467910664433826895e-01,1.219875223977011647e-01,9.713243449044269007e-02
3.208294229997333269e-01,2.882629892898734281e-01,2.577280438256241979e-01,2.294928518392765349e-01,2.043037250269114924e-01,1.794741656161578103e-01,1.545688527630857123e-01,1.297653003725375287e-01,1.049102098619626999e-01
3.305840496115146077e-01,2.975056035475877603e-01,2.664112209323235558e-01,2.375407546521932645e-01,2.120815002940313054e-01,1.872519541751945515e-01,1.623466133712405945e-01,1.375430790512163770e-01,1.126879886068008624e-01
3.402460836593492743e-01,3.066620141346022010e-01,2.750342984721722006e-01,2.456025575697941554e-01,2.198592749479008068e-01,1.950297309846527327e-01,1.701243652236606174e-01,1.453208558304212583e-01,1.204657681387618362e-01
