2.126146009166881967e+01,4.251302327851553997e+01,4.251302327851568208e+01,4.251302327851568208e+01,4.251302327851568208e+01,4.251302327851568208e+01,4.251302327851561103e+01,4.251302327851563234e+01,4.251250646161267355e+01
2.120264327982152253e+01,4.295298704941893675e+01,4.322466814652474909e+01,4.322466814652474909e+01,4.322466814652482014e+01,4.322466814652482014e+01,4.322324232856711745e+01,4.322466814652482014e+01,4.322686351042199959e+01
2.113985645038670569e+01,3.631238475237572771e+01,4.314195230911245460e+01,4.314204903711755890e+01,4.314227699685442019e+01,4.314300736101048273e+01,4.313860433706979336e+01,4.314277079135417381e+01,4.314284263821263465e+01
2.189716163075604527e+01,2.189124657837932730e+01,4.301361064526854250e+01,4.302712426389222600e+01,4.302599427374204311e+01,4.302732131395221415e+01,4.302356084806560688e+01,4.302724241676036598e+01,4.302620290695629990e+01
2.225854280164577403e+01,2.200013354862749182e+01,4.276242817791473527e+01,4.291020753438739632e+01,4.370600646056851701e+01,4.291158995436561696e+01,4.291263794138841803e+01,4.291284088585851464e+01,4.291154921175272818e+01
2.307989024129054556e+01,2.287208792713290961e+01,3.509969164895835547e+01,4.279411419600867816e+01,4.280291168215730835e+01,4.279645481823941111e+01,4.278023788291214657e+01,4.279492883538332393e+01,4.279507621730805766e+01
2.443965569207218991e+01,2.430343994088114101e+01,2.330139301138286356e+01,4.266700614760750199e+01,4.266789924520293198e+01,4.272346434458761877e+01,4.268054617271430118e+01,4.267891978537660691e+01,4.269200499624560052e+01
2.647495115800807142e+01,2.644164100971650910e+01,2.448939621499173924e+01,4.249832554804015672e+01,4.255154855858243224e+01,4.256731967908578440e+01,4.256305556880168695e+01,4.256230771419760117e+01,4.256374107944552776e+01
2.588210771149816125e+01,2.589735395260922246e+01,2.666153444210850054e+01,3.727818328102821965e+01,3.660636872522012908e+01,3.717229740753742817e+01,4.274986408479692557e+01,3.721259774390666308e+01,3.720120609755367980e+01
2.637448165887386153e+01,2.640164794845540897e+01,2.612619487991167233e+01,3.046810182575321591e+01,3.389848910436505491e+01,3.391153117357382740e+01,2.993946662751647736e+01,3.391232073904392763e+01,3.391206297561718230e+01
2.805350628979179106e+01,2.815192301648008311e+01,2.664439191982875599e+01,2.637716701556374232e+01,3.383589897525818913e+01,3.383578617145378331e+01,3.372123209565940982e+01,3.383589835590260009e+01,3.383589835590257167e+01
3.588212955055169573e+01,3.628348028355338784e+01,2.842503948750826481e+01,2.682666137512971005e+01,3.383589836414394370e+01,3.383349635523200760e+01,3.383585975783951483e+01,3.383545420835567086e+01,3.383589835590257167e+01
4.151711934141429339e+01,4.168518763503002589e+01,3.666460662400987758e+01,2.863319029317539943e+01,3.383591602671276632e+01,3.383783508435887910e+01,3.384028241888000821e+01,3.383620969346227270e+01,3.383532284112472865e+01
4.485353239668203429e+01,4.171859219178603695e+01,4.171892997307180195e+01,3.694985496144798987e+01,3.383598581864320920e+01,3.383594908156882752e+01,3.383312848264584716e+01,3.383590623854246360e+01,3.383632309033430374e+01
3.875313263193632451e+01,4.159859784288516948e+01,4.171628531675591489e+01,4.170177042528372624e+01,3.383583154598333209e+01,3.383589796702143104e+01,3.383541036458041873e+01,3.383589797520331643e+01,3.396560802047486050e+01
