13.4112000000000
13.7390293333333
14.0668586666667
14.3946880000000
14.6927146666667
14.9758400000000
15.2291626666667
15.4377813333333
15.5867946666667
15.7507093333333
15.8997226666667
16.0040320000000
15.9444266666667
15.7954133333333
15.6016960000000
15.4973866666667
15.4824853333333
15.5718933333333
15.7358080000000
15.9295253333333
16.0934400000000
16.2126506666667
16.3020586666667
16.4063680000000
16.4808746666667
16.5255786666667
16.5404800000000
16.5404800000000
16.5404800000000
16.5404800000000
16.5553813333333
16.6000853333333
16.7192960000000
16.9428160000000
17.2408426666667
17.5686720000000
17.8816000000000
18.1945280000000
18.5223573333333
18.8501866666667
19.1631146666667
19.4313386666667
19.6399573333333
19.7889706666667
19.9081813333333
19.9975893333333
20.0720960000000
20.1168000000000
20.1913066666667
20.2956160000000
20.4297280000000
20.5638400000000
20.6830506666667
20.8022613333333
20.8916693333333
20.9661760000000
21.0108800000000
21.0555840000000
21.1002880000000
21.1151893333333
21.1002880000000
21.0555840000000
21.0108800000000
20.9810773333333
20.9661760000000
20.9810773333333
21.0108800000000
21.0406826666667
21.0704853333333
21.0704853333333
21.0555840000000
21.0108800000000
20.9214720000000
20.8171626666667
20.7128533333333
20.6830506666667
20.7128533333333
20.8171626666667
20.9363733333333
21.0704853333333
21.1896960000000
21.3238080000000
21.4430186666667
21.5622293333333
21.6814400000000
21.8155520000000
21.9198613333333
21.9645653333333
21.9645653333333
21.9347626666667
21.9198613333333
21.9198613333333
21.9496640000000
21.9943680000000
22.0390720000000
22.0837760000000
22.1135786666667
22.1284800000000
22.1135786666667
22.0539733333333
21.9645653333333
21.8453546666667
21.7410453333333
21.6218346666667
21.4877226666667
21.3387093333333
21.2194986666667
21.1896960000000
21.2493013333333
21.3387093333333
21.4132160000000
21.4281173333333
21.4281173333333
21.4132160000000
21.4281173333333
21.4430186666667
21.4579200000000
21.4430186666667
21.3387093333333
21.0406826666667
20.3552213333333
19.4462400000000
18.4776533333333
17.8666986666667
17.5388693333333
17.4643626666667
17.4494613333333
17.5239680000000
17.6878826666667
17.9710080000000
18.3435413333333
18.7905813333333
19.1929173333333
19.5058453333333
19.6846613333333
19.7889706666667
19.8634773333333
19.9230826666667
19.9975893333333
20.0869973333333
20.2360106666667
20.3850240000000
20.5489386666667
20.7128533333333
20.8618666666667
20.9661760000000
21.0108800000000
21.1151893333333
21.2493013333333
21.3834133333333
21.4430186666667
21.4430186666667
21.4132160000000
21.3089066666667
21.1300906666667
20.8916693333333
20.6830506666667
20.5340373333333
20.4297280000000
20.3552213333333
20.2956160000000
20.2211093333333
20.0124906666667
19.6846613333333
19.2674240000000
18.8948906666667
18.6564693333333
18.6415680000000
18.8501866666667
19.1482133333333
19.4164373333333
19.5207466666667
19.4909440000000
19.3568320000000
19.2823253333333
19.2972266666667
19.4313386666667
19.6101546666667
19.7889706666667
19.9379840000000
20.0124906666667
19.9826880000000
19.8336746666667
19.6250560000000
19.4462400000000
19.3419306666667
19.2972266666667
19.2674240000000
19.2376213333333
19.2376213333333
19.2972266666667
19.4313386666667
19.5654506666667
19.5803520000000
19.3866346666667
19.0141013333333
18.5968640000000
18.2094293333333
17.9859093333333
17.9263040000000
18.0753173333333
18.3733440000000
18.7309760000000
19.0439040000000
19.2227200000000
19.3270293333333
19.4462400000000
19.6101546666667
19.8038720000000
19.9826880000000
20.1466026666667
20.3105173333333
20.5191360000000
20.7426560000000
20.9512746666667
21.0853866666667
21.1449920000000
21.1598933333333
21.1300906666667
21.1151893333333
21.1002880000000
21.0853866666667
21.0555840000000
21.0257813333333
20.9959786666667
20.9661760000000
20.9512746666667
20.9661760000000
21.0257813333333
21.1151893333333
21.2493013333333
21.3685120000000
21.4430186666667
21.4579200000000
21.4579200000000
21.4579200000000
21.4728213333333
21.5026240000000
21.5324266666667
21.5324266666667
21.5920320000000
21.6963413333333
21.8453546666667
21.9198613333333
21.9496640000000
21.9496640000000
21.9496640000000
21.9347626666667
21.9049600000000
21.7708480000000
21.5771306666667
21.3685120000000
21.2194986666667
21.0704853333333
20.8767680000000
20.6979520000000
20.5638400000000
20.4744320000000
20.3850240000000
20.2956160000000
20.2062080000000
20.1018986666667
19.9975893333333
19.8783786666667
19.6995626666667
19.4462400000000
19.1184106666667
18.6117653333333
17.9859093333333
17.3153493333333
16.6745920000000
16.0934400000000
15.5718933333333
15.1993600000000
14.8715306666667
14.5288000000000
14.1264640000000
13.6943253333333
13.2621866666667
12.9343573333333
12.7853440000000
12.8896533333333
13.3366933333333
14.0519573333333
14.9609386666667
15.8699200000000
16.7192960000000
17.4047573333333
17.9412053333333
18.3435413333333
18.6713706666667
18.9246933333333
19.1482133333333
19.3568320000000
19.5803520000000
19.7889706666667
19.9677866666667
20.1018986666667
20.2062080000000
20.2807146666667
20.3701226666667
20.4595306666667
20.5489386666667
20.6532480000000
20.7724586666667
20.9214720000000
21.1002880000000
21.3238080000000
21.6069333333333
21.9049600000000
22.2029866666667
22.5010133333333
22.7990400000000
23.1119680000000
23.4248960000000
23.7378240000000
24.0507520000000
24.3636800000000
24.6617066666667
24.9448320000000
25.1981546666667
25.3769706666667
25.4812800000000
25.5408853333333
25.6302933333333
25.7346026666667
25.8389120000000
25.9134186666667
26.0028266666667
26.1071360000000
26.2114453333333
26.2859520000000
26.3306560000000
26.3604586666667
26.3604586666667
26.3306560000000
26.2710506666667
26.1965440000000
26.1071360000000
26.0326293333333
25.9730240000000
25.9283200000000
25.8538133333333
25.7644053333333
25.6600960000000
25.5855893333333
25.5259840000000
25.4961813333333
25.4663786666667
25.4514773333333
25.4365760000000
25.4514773333333
25.4663786666667
25.4812800000000
25.4812800000000
25.4812800000000
25.4812800000000
25.4812800000000
25.4812800000000
25.4812800000000
25.4663786666667
25.4365760000000
25.3620693333333
25.2577600000000
25.1385493333333
25.0640426666667
25.0342400000000
25.0491413333333
25.1087466666667
25.2130560000000
25.3322666666667
25.4365760000000
25.5259840000000
25.6004906666667
25.6451946666667
25.6302933333333
25.5706880000000
25.4961813333333
25.4067733333333
25.3024640000000
25.1832533333333
25.1534506666667
25.2130560000000
25.3620693333333
25.5259840000000
25.6898986666667
25.8240106666667
25.8985173333333
25.9283200000000
25.9283200000000
25.9283200000000
25.9283200000000
25.9134186666667
25.8836160000000
25.8389120000000
25.8091093333333
25.8091093333333
25.8389120000000
25.8836160000000
25.9283200000000
26.0028266666667
26.1369386666667
26.2859520000000
26.4349653333333
26.5690773333333
26.6882880000000
26.7627946666667
26.7627946666667
26.7180906666667
26.6435840000000
26.5541760000000
26.4796693333333
26.4200640000000
26.3753600000000
26.3157546666667
26.2561493333333
26.1965440000000
26.1518400000000
26.1220373333333
26.0922346666667
26.0624320000000
26.0177280000000
25.9730240000000
25.9283200000000
25.8985173333333
25.8836160000000
25.8836160000000
25.8836160000000
25.8985173333333
25.9283200000000
25.9581226666667
25.9879253333333
26.0028266666667
26.0177280000000
26.0028266666667
25.9730240000000
25.9432213333333
25.9283200000000
25.9283200000000
25.9283200000000
25.9283200000000
25.9134186666667
25.8985173333333
25.8985173333333
25.9283200000000
25.9581226666667
25.9879253333333
26.0177280000000
26.0475306666667
26.0624320000000
26.0475306666667
26.0177280000000
25.9730240000000
25.9134186666667
25.8240106666667
25.6898986666667
25.5706880000000
25.4365760000000
25.2875626666667
25.1385493333333
25.0193386666667
24.9299306666667
24.8107200000000
24.7064106666667
24.6319040000000
24.5872000000000
24.5573973333333
24.5424960000000
24.5424960000000
24.5424960000000
24.5424960000000
24.5573973333333
24.5722986666667
24.5872000000000
24.5872000000000
24.5872000000000
24.5872000000000
24.6021013333333
24.6170026666667
24.6170026666667
24.5872000000000
24.5573973333333
24.5275946666667
24.4977920000000
24.4530880000000
24.3934826666667
24.3338773333333
24.2891733333333
24.2593706666667
24.2295680000000
24.1997653333333
24.1848640000000
24.1699626666667
24.1550613333333
24.1401600000000
24.1401600000000
24.1401600000000
24.1401600000000
24.1401600000000
24.1401600000000
24.1550613333333
24.1848640000000
24.2593706666667
24.3636800000000
24.4679893333333
24.5424960000000
24.5872000000000
24.6319040000000
24.6617066666667
24.6915093333333
24.7213120000000
24.7660160000000
24.8107200000000
24.8554240000000
24.9001280000000
24.9448320000000
24.9895360000000
25.0193386666667
25.0342400000000
25.0342400000000
25.0342400000000
25.0342400000000
25.0342400000000
25.0342400000000
25.0342400000000
25.0342400000000
25.0342400000000
25.0342400000000
25.0342400000000
25.0342400000000
25.0193386666667
25.0044373333333
24.9895360000000
24.9746346666667
24.9299306666667
24.8554240000000
24.7660160000000
24.6915093333333
24.6319040000000
24.5872000000000
24.5126933333333
24.4232853333333
24.3189760000000
24.2444693333333
24.1550613333333
24.0358506666667
23.9166400000000
23.8123306666667
23.7378240000000
23.6335146666667
23.5292053333333
23.4248960000000
23.3503893333333
23.2907840000000
23.2609813333333
23.2460800000000
23.2460800000000
23.2609813333333
23.2609813333333
23.2609813333333
23.2311786666667
23.1715733333333
23.0821653333333
22.9629546666667
22.8288426666667
22.6649280000000
22.4712106666667
22.2625920000000
22.0241706666667
21.7857493333333
21.6069333333333
21.5026240000000
21.4728213333333
21.4728213333333
21.5324266666667
21.6665386666667
21.8006506666667
21.9049600000000
21.9347626666667
21.9347626666667
21.9198613333333
21.8900586666667
21.8304533333333
21.7261440000000
21.5920320000000
21.4877226666667
21.4132160000000
21.3685120000000
21.3685120000000
21.4430186666667
21.6367360000000
21.8155520000000
21.9198613333333
21.9049600000000
21.7410453333333
21.4579200000000
21.0555840000000
20.7724586666667
20.6234453333333
20.6234453333333
20.7426560000000
20.9959786666667
21.4132160000000
21.8304533333333
22.2476906666667
22.6202240000000
22.9927573333333
23.3056853333333
23.5292053333333
23.7378240000000
23.9315413333333
24.0954560000000
24.2146666666667
24.3189760000000
24.4679893333333
24.6170026666667
24.7213120000000
24.7064106666667
24.5722986666667
24.3040746666667
23.9315413333333
23.2907840000000
22.4861120000000
21.5920320000000
20.9959786666667
20.6681493333333
20.5936426666667
20.6085440000000
20.7277546666667
20.9512746666667
21.2344000000000
21.5324266666667
21.8304533333333
22.1284800000000
22.4116053333333
22.6500266666667
22.8735466666667
23.0970666666667
23.3056853333333
23.3652906666667
23.2758826666667
23.0672640000000
22.9033493333333
22.8139413333333
22.8139413333333
22.8735466666667
22.9778560000000
23.1119680000000
23.2311786666667
23.3503893333333
23.4696000000000
23.5441066666667
23.5590080000000
23.4845013333333
23.4248960000000
23.3950933333333
23.4248960000000
23.4845013333333
23.5292053333333
23.5143040000000
23.4248960000000
23.2758826666667
23.0821653333333
22.8437440000000
22.6053226666667
22.4116053333333
22.2923946666667
22.2178880000000
22.1731840000000
22.1433813333333
22.1582826666667
22.2327893333333
22.3370986666667
22.4712106666667
22.6351253333333
22.8437440000000
23.0374613333333
23.1715733333333
23.2460800000000
23.3205866666667
23.4546986666667
23.6335146666667
23.8272320000000
24.0209493333333
24.1997653333333
24.3636800000000
24.4828906666667
24.6319040000000
24.7958186666667
24.9597333333333
25.0789440000000
25.1534506666667
25.2130560000000
25.2726613333333
25.3471680000000
25.4216746666667
25.5110826666667
25.6302933333333
25.8091093333333
26.0326293333333
